13022207992
13030878692
13032873138
13033226892
13035157350
13063853525
13069933647
13072283325
13083849631
13084333775
13126618090
13132802587
13142171870
13142255047
13143909595
13144459385
13146093601
13155437721
13156319505
13161967053
13162624648
13163701978
13174094357
13186893931
13194640842
13203921623
13212916138
13213125725
13222241031
13223030266
13231449600
13235323311
13243737202
13244537285
13247105249
13249439168
13249651790
13256199659
13260728179
13261641640
13264402286
13271711188
13276299939
13283216172
13303846865
13371953287
13382028811
13414400756
13418167263
13423897490
13423956461
13426887620
13430437081
13436927107
13436950679
13500868293
13501177805
13501552303
13501894960
13501994018
13510007732
13511605221
13512648106
13514982108
13516660413
13517320737
13517791590
13520293222
13520529473
13521650167
13521974101
13522773864
13522942326
13537870474
13538092009
13540889200
13541314972
13552121054
13552717665
13555706818
13565656068
13566997952
13569727486
13571393819
13575117810
13576631568
13578563923
13582526436
13588949276
13591681941
13601668789
13601889947
13606693591
13609298278
13612908286
13616264453
13621280521
13626863748
13627689815
13629792917
13632598154
13632630766
13632836627
13641064135
13642799906
13645154104
13647303366
13649289071
13651440423
13651618571
13660728056
13663319663
13666758314
13668310506
13671227893
13675152409
13675185072
13677390232
13678907833
13681150123
13681560422
13683597719
13690897669
13691108833
13693369891
13694724663
13696018950
13699123469
13699999797
13701760616
13702581989
13705186281
13708364592
13708459548
13709042583
13711441255
13713086005
13715220532
13715282037
13716000375
13716111646
13716594505
13716661266
13716706610
13716716857
13718643349
13718936402
13719961466
13723609808
13757233555
13763755935
13765386116
13767976157
13768283670
13769954160
13770567725
13770582848
13770648418
13772674869
13776573276
13776670730
13776985296
13783644518
13785327834
13786735134
13787983080
13791600022
13796745975
13798207000
13801702734
13802831180
13805410893
13807528899
13809766518
13809874100
13811318890
13811880418
13813063394
13813179396
13813901037
13813917527
13814121052
13815882359
13817182981
13818153808
13821000950
13821593006
13823552095
13823592276
13831139129
13835263018
13840337402
13841506284
13848984582
13851475236
13851563171
13851608890
13856958325
13862559010
13862795858
13872388671
13872579319
13873366508
13876576598
13879132203
13879312746
13879620458
13885679116
13888720811
13905097289
13908094257
13908500370
13909139651
13909802369
13911357610
13911457977
13913478927
13914718840
13915903173
13915974831
13916107567
13918815333
13919808429
13923776044
13928481899
13935983501
13945171134
13949325896
13951679596
13951817462
13954079993
13957828175
13957977097
13971597401
13971654885
13973312072
13990700270
13991238399
13991970383
13996651858
13998482472
13999858056
14751338040
15001211571
15002811971
15010232969
15010875814
15011111350
15016909856
15018519508
15030177502
15038367779
15051875019
15055649047
15059170925
15069011563
15088224963
15101516160
15108137868
15111736210
15112694680
15120638245
15138505051
15150669910
15150680387
15165755852
15168173159
15172452056
15173441567
15182550783
15194691151
15201120702
15205180546
15234168563
15251860793
15261886243
15288200879
15291333566
15295561188
15360889098
15507289028
15512134090
15516145666
15538829619
15565931928
15571765869
15611256237
15611313448
15618373727
15622850520
15639663456
15641606944
15670277178
15710035198
15723070350
15777877748
15800795387
15801320419
15801454838
15810536764
15811164489
15811848109
15817404943
15820762826
15822075281
15830699296
15835212227
15846153849
15849037299
15850512694
15851817232
15861542949
15863145807
15863175801
15866528266
15880280411
15889275690
15895921096
15895979032
15901068130
15905176355
15909991213
15910327238
15910822938
15922147125
15927448283
15935201377
15949029819
15957961598
15959983232
15964349550
15966426261
15989575661
15991751633
15992929602
15996962583
17098040750
17705164171
18013980356
18067826671
18080552372
18130456777
18137781089
18201306565
18202687249
18210360199
18234968550
18239616559
18256964625
18311471167
18318038290
18319718249
18320992449
18342625067
18346124581
18351968260
18362095852
18370256361
18408265838
18502502513
18509998177
18511296582
18530061555
18551630617
18551732719
18561359517
18566660271
18600384537
18602020800
18604019976
18610372086
18611229700
18615286925
18615561111
18615900501
18622964312
18623653303
18625213601
18628093533
18632432527
18637601701
18646032707
18652932668
18653620641
18661200262
18664534059
18671752165
18682051996
18692341499
18703284992
18762085580
18765360670
18779177001
18785791882
18804220005
18811683311
18870912882
18895309397
18910263066
18936879807
18980767375
18983091247
18983137777
