13001048554
13001084296
13001632549
13002328884
13002417012
13002525882
13002526175
13003114499
13005495172
13005831293
13006258911
13007131600
13007578801
13007771096
13008400031
13008400111
13012004442
13017210486
13017387700
13017639446
13022207992
13026621424
13030878692
13031136406
13031136476
13031852511
13032873138
13033226892
13033717728
13034995813
13035157350
13047164283
13047689783
13049304965
13050053133
13051119102
13051119137
13051342143
13051559628
13051605510
13051609283
13051842423
13052027818
13052399449
13052567993
13052890859
13053962272
13054002894
13057558464
13057603020
13058024595
13060088701
13061278621
13063853525
13065967952
13066928952
13069933647
13070042333
13071382715
13072283325
13073744708
13076819026
13076966876
13077725331
13078350151
13082000650
13082555460
13083849631
13084333775
13085835680
13086587030
13086629082
13087330664
13087990584
13091888006
13099418829
13100115117
13102178535
13103949244
13104920320
13105438710
13105524771
13106721613
13113090001
13114677199
13115237621
13118453900
13120058100
13120277806
13122053788
13123381036
13124417229
13125198547
13126618090
13126896150
13126957472
13126957492
13127714742
13129576436
13131221290
13131928218
13132802587
13135655802
13141343618
13142171870
13142255047
13143743061
13143909595
13144459385
13145130845
13145920348
13146093601
13146536263
13146546757
13146688359
13146886482
13148197399
13149639120
13152398249
13152706345
13155437721
13155683641
13156319505
13159060635
13161268701
13161317475
13161868882
13161961866
13161967053
13162096197
13162624648
13162769278
13163133035
13163701978
13168663707
13168708767
13169112926
13173764626
13174094357
13176122534
13179276592
13183189468
13184648505
13186893931
13194640842
13194795107
13196976300
13203921623
13205324309
13206464968
13207602361
13207650216
13210545896
13211019101
13211019102
13212744250
13212916138
13213125725
13214515707
13221172861
13222241031
13223030266
13223400703
13226203138
13226227150
13227228083
13230060831
13230790466
13231449600
13231510010
13231937178
13232482617
13235323311
13237474796
13240722727
13241008677
13242312056
13243737202
13244537285
13246404630
13247105249
13249069278
13249439168
13249651790
13250668106
13253407213
13253566678
13256199659
13256733323
13257743118
13259846340
13260178001
13260728179
13261641640
13262350667
13264402286
13265588915
13265891572
13266467212
13266680687
13269533896
13269565448
13269797566
13271711188
13276299939
13276455906
13277959783
13278820467
13280025169
13283216172
13283327510
13287942697
13288621816
13289182639
13297025430
13298206335
13298250260
13301186565
13301639996
13302962282
13303352232
13303846865
13316927184
13321188551
13331802752
13348082268
13354205881
13354205882
13354946520
13355070358
13355469588
13357007262
13357805838
13371953287
13381091576
13382027366
13382028811
13385160318
13390079999
13390929108
13392150986
13392879880
13400077508
13400086980
13400188093
13400526456
13400681640
13401145386
13401192786
13401321230
13402062902
13404397979
13405326666
13406982563
13407034800
13408692108
13410490593
13414009092
13414400756
13416306819
13417544342
13418167263
13418173923
13420975080
13421043090
13421815588
13421838303
13422149671
13422302856
13423558015
13423897490
13423956461
13424367755
13424400836
13425506420
13425565031
13426887620
13427078316
13427271387
13427501232
13428751931
13429118051
13430154600
13430437081
13430531297
13430785109
13431821907
13433994522
13436927107
13436950679
13437775254
13439303946
13439780392
13439843030
13439929395
13451913550
13454715130
13456267268
13458541274
13460232247
13462506265
13463462151
13465935496
13466608297
13466682429
13466690881
13468831800
13469904298
13471015990
13475557901
13480905632
13480919480
13481171065
13483646957
13484361398
13484622314
13484995329
13486411035
13487950966
13488102948
13488647185
13488831176
13488898507
13489791615
13489827934
13500223098
13500868293
13500993839
13501122233
13501177805
13501200707
13501278854
13501285101
13501290316
13501295200
13501366641
13501552303
13501584415
13501894960
13501895102
13501994018
13502357768
13502937776
13502951283
13504009979
13505159527
13505214082
13506507911
13506694634
13506845610
13507012607
13507969945
13508537808
13509093751
13509318386
13510007732
13510642128
13510772926
13510917202
13511023438
13511579208
13511605221
13511608539
13511658479
13512210931
13512648106
13512948280
13513072568
13513149395
13513711263
13514982108
13515111893
13516363426
13516660413
13517237699
13517320737
13517402259
13517741309
13517791590
13518109316
13519280418
13520148620
13520226536
13520293222
13520529473
13520729055
13520806354
13521004399
13521650167
13521969394
13521974101
13522773864
13522942326
13524774948
13525771090
13526020532
13526781367
13526853536
13526931210
13527407402
13528398850
13528799513
13528853676
13532585608
13533096690
13535668238
13537464698
13537870474
13538013431
13538092009
13538260153
13538840432
13540889200
13541314972
13542845318
13542889645
13542899116
13543337010
13543448746
13544293615
13544323543
13544388802
13544536100
13548522596
13548883451
13549483095
13552121054
13552133216
13552188802
13552339741
13552655234
13552717665
13552822998
13552841026
13552985466
13554739087
13555706818
13556610026
13557881117
13558321806
13558762643
13558854762
13559816471
13560063370
13560149396
13560791790
13561104033
13562217076
13565656068
13566015600
13566318577
13566997952
13567617333
13567684160
13567728406
13567927689
13568813743
13569036847
13569061453
13569727486
13570107139
13571393819
13571510683
13571852215
13571939457
13572436650
13573581552
13574548093
13575117810
13575454923
13575714682
13576631568
13576751826
13578409859
13578553263
13578563923
13580876733
13581890375
13581923201
13582034642
13582526436
13584716393
13584888158
13585062927
13585193161
13585639558
13586775323
13587355752
13588383866
13588695207
13588949276
13589889812
13590121895
13590206875
13590750794
13591681941
13596093829
13596655042
13597028895
13597105360
13598080499
13598336679
13598831378
13598873863
13600950920
13601201909
13601277384
13601360901
13601394012
13601397923
13601668789
13601889947
13601956307
13602546009
13602740568
13603910062
13604071311
13604190710
13605341617
13605437699
13605778484
13606519617
13606693591
13608388499
13608527848
13609298278
13610840556
13611004636
13611105065
13611244302
13611383185
13611386580
13611636772
13611666500
13611672262
13612117005
13612267880
13612695133
13612848849
13612908286
13612958130
13613005097
13613297280
13613316323
13613547190
13613612828
13613881038
13615311618
13615888192
13616264453
13616276742
13616618227
13618284595
13618488755
13620463672
13620574916
13620602375
13620958618
13621050309
13621106134
13621185849
13621280521
13621399293
13621620000
13622744114
13622771298
13623094159
13623816254
13625058723
13626086336
13626863748
13627689815
13628309889
13629607800
13629792917
13629848226
13631387315
13631500263
13631673753
13632477090
13632507344
13632532207
13632598154
13632630766
13632836627
13633832909
13634117661
13635285383
13637087796
13638347937
13638618477
13641064135
13641231701
13641256389
13641363046
13641686753
13642680182
13642799906
13644022167
13645154104
13646624297
13647303366
13648534818
13649289071
13651013894
13651105243
13651396367
13651432134
13651440423
13651618571
13652666580
13658768917
13659037624
13660553323
13660728056
13661114627
13661157127
13661939736
13663060036
13663217073
13663319663
13663855629
13663861783
13663864551
13666741196
13666758314
13667631029
13668310506
13668991331
13669269008
13670618623
13671041809
13671117800
13671225792
13671227893
13671553665
13671936841
13672122657
13672161736
13673934000
13675007299
13675151808
13675152409
13675185072
13676043255
13676311259
13677222840
13677314939
13677390232
13678472528
13678907833
13679832748
13680908445
13681028139
13681061220
13681150123
13681288475
13681409375
13681560422
13682333631
13683060819
13683336553
13683337840
13683368589
13683544595
13683560868
13683597719
13683656625
13683807619
13683956835
13685230800
13685791654
13686863107
13688804555
13688809270
13688865415
13689533896
13690888738
13690897669
13691037097
13691108833
13691359498
13691460505
13691537225
13693368946
13693369891
13693548878
13693687051
13694724663
13696018950
13698274771
13698677349
13698681369
13699123469
13699230263
13699295079
13699743148
13699934523
13699999797
13700032133
13701203579
13701277573
13701286850
13701360161
13701622345
13701760616
13701797919
13701963273
13702558080
13702581989
13702767366
13703064841
13703340330
13703547534
13703636607
13703712677
13704161445
13704327767
13705186281
13707987436
13708046249
13708298784
13708364592
13708459548
13708997521
13709042583
13709198085
13709765005
13711395402
13711441255
13713086005
13714215589
13714359984
13714545203
13715120131
13715220532
13715282037
13715456298
13715533078
13716000375
13716111646
13716176552
13716306586
13716500829
13716594505
13716624866
13716647822
13716661266
13716706610
13716716857
13717576759
13717639300
13718027632
13718338160
13718390128
13718428674
13718477457
13718595606
13718643349
13718710960
13718791259
13718894707
13718903390
13718936402
13719406989
13719431925
13719961466
13720335003
13720939559
13722028336
13722134955
13722277227
13723434837
13723570516
13723609808
13723714975
13723791104
13724087904
13724728551
13724828992
13725501970
13726235225
13726563768
13728496044
13728798943
13728907340
13732440695
13735601183
13735874579
13736423200
13737708319
13738108259
13751133082
13752431986
13753847606
13754285509
13755286180
13755373937
13755420085
13757233555
13757508810
13757783629
13758085640
13760262711
13760321775
13760420468
13760701125
13760725061
13761377859
13761495448
13762254022
13763156318
13763755935
13764605221
13765386116
13767976157
13768283670
13769954160
13770332119
13770567725
13770582848
13770648418
13770973756
13771379123
13772101004
13772382373
13772674869
13774317731
13776573276
13776574491
13776651750
13776670730
13776985296
13777091827
13777978788
13778289097
13779156898
13782244424
13783644518
13785327834
13786735134
13787277457
13787983080
13789491883
13790057861
13791600022
13793108669
13793120655
13794030089
13794538437
13795552900
13795568057
13795616362
13796013173
13796457157
13796745975
13797425584
13797451496
13797805931
13798206124
13798207000
13798281840
13798460568
13798479206
13798513857
13799505945
13801016690
13801113097
13801174457
13801260787
13801702734
13802406345
13802831180
13803071997
13803776358
13805410893
13806113953
13806520704
13806661027
13807085936
13807528899
13808180042
13808857651
13809766518
13809874100
13810004606
13810066092
13810205011
13810482031
13810534193
13810549765
13811257485
13811318890
13811424140
13811454321
13811635112
13811774053
13811880418
13812692403
13812753533
13812966036
13813063394
13813179396
13813668587
13813851179
13813900004
13813901037
13813917527
13813999077
13814119636
13814121052
13815866586
13815876067
13815882359
13816904103
13817037313
13817156709
13817182981
13817261720
13817362549
13817580779
13817830117
13817836434
13817978820
13818153808
13820113268
13821000950
13821002150
13821012233
13821038871
13821353540
13821593006
13823212465
13823326193
13823373939
13823552095
13823592276
13823607471
13824385260
13824486699
13825036507
13825092662
13825910682
13826046240
13826643621
13828852029
13828896496
13831139129
13831568957
13831616646
13832116387
13833655460
13833815599
13834110690
13834369968
13834512641
13834718050
13834793769
13834886355
13835016234
13835263018
13835529792
13836149159
13836570956
13837110025
13837110918
13837272459
13837881100
13838155497
13838181009
13838446017
13838999660
13839262949
13839289021
13839828304
13840051210
13840149651
13840337402
13840539230
13841229245
13841506284
13843058121
13844587416
13845918817
13848984582
13849509630
13851475236
13851563171
13851608890
13851652482
13852209452
13853155696
13854549668
13855064571
13855358567
13856958325
13857751876
13857812912
13857885265
13857995227
13858905872
13860280045
13861020366
13861158051
13862397708
13862559010
13862690576
13862795858
13863047522
13863381195
13865505982
13867915373
13868878683
13869195632
13869513869
13871031473
13872172617
13872388671
13872579319
13873366508
13876576598
13876659327
13879132203
13879312746
13879620458
13880258196
13880620559
13880822980
13881431561
13881676017
13881868193
13882024401
13882195636
13882288185
13882608420
13883737200
13885679116
13885767631
13886182787
13887639504
13888033493
13888296658
13888415998
13888470170
13888720811
13890416764
13891802500
13892586061
13894584067
13895023436
13895312259
13895925667
13897356921
13901144015
13901184860
13902058499
13902128785
13902153031
13902939267
13903113038
13903151959
13903195707
13903331628
13903432975
13903828552
13903910993
13904004538
13904422792
13905097289
13905250037
13905836146
13907074085
13908094257
13908161833
13908391409
13908500370
13908959931
13909139651
13909158570
13909543600
13909802369
13910319990
13910382238
13910532122
13910534772
13910642713
13910798284
13911085549
13911111111
13911316567
13911357610
13911457977
13911521729
13911662753
13911790961
13911931727
13912005855
13913023098
13913453861
13913478927
13913896182
13913993981
13914060993
13914289011
13914718840
13915219780
13915425896
13915474447
13915753819
13915903173
13915974831
13916107567
13916191421
13916236860
13916385068
13916687358
13917023740
13917698359
13917883594
13917897618
13917977035
13918039711
13918103448
13918331876
13918460162
13918815333
13918845763
13919808429
13919880429
13921780661
13922222222
13922809180
13923012543
13923381609
13923776044
13923805098
13923837644
13924593961
13924633708
13924713995
13925197393
13926956788
13927249732
13927875353
13928481899
13931813911
13931964665
13932009747
13932602087
13933299767
13933936208
13934259487
13934571398
13934652216
13934798227
13935230469
13935362753
13935626960
13935653497
13935983501
13936181951
13938526511
13938560621
13938953775
13939039908
13939965799
13940580814
13942848686
13944034918
13944219624
13945045121
13945062125
13945171134
13945623535
13946351136
13947157347
13947818346
13949042332
13949286103
13949325896
13951000226
13951604512
13951671447
13951679596
13951777169
13951817462
13951832086
13952091435
13953104411
13954079993
13956433776
13957466309
13957815812
13957828175
13957892176
13957977097
13958354233
13958815816
13959299733
13961170183
13961366389
13961702751
13962518864
13964509943
13967375527
13967391872
13969158618
13970148539
13970361703
13970875632
13971140784
13971183559
13971532162
13971597401
13971654885
13972531397
13972837894
13973187314
13973302051
13973312072
13974272832
13975825376
13978426518
13978654136
13979320092
13979687155
13980142758
13980755243
13981703202
13983166852
13983895905
13984180337
13985274946
13985314499
13985901263
13986712375
13988929781
13990372600
13990700270
13990774893
13991129142
13991238399
13991307498
13991686727
13991749626
13991843637
13991970383
13995075882
13995906725
13996651858
13997030660
13997331349
13997856049
13998479068
13998482472
13998846358
13999631003
13999858056
14751338040
14761911139
14773962948
15000603287
15001185547
15001211571
15002119496
15002500429
15002811971
15003161198
15003668224
15005911955
15007745266
15010062869
15010232969
15010305572
15010322365
15010875814
15011111350
15011458795
15012723048
15013476738
15013545658
15013686065
15013798502
15014822660
15014931398
15015870485
15016687746
15016909856
15018519508
15019213681
15021560950
15021626649
15021786669
15021990228
15023327558
15023825841
15026058485
15028707078
15030177502
15031808995
15036646598
15038367779
15039675868
15041542866
15044140104
15047890203
15048039266
15051875019
15053106793
15053526070
15054518870
15055649047
15059170925
15059549419
15060127712
15062201038
15062638606
15065224223
15065246988
15066188364
15068988242
15069011563
15073746290
15075108485
15075679807
15078202750
15088224963
15090157104
15090527606
15091517390
15093293861
15094733830
15097361996
15097800200
15099098538
15099492805
15099913789
15100650518
15101124734
15101353122
15101516160
15102893162
15103043395
15108137868
15109153044
15110028540
15110081839
15111348598
15111736210
15112694680
15113662258
15114097159
15114766460
15116169521
15119761301
15120200424
15120638245
15121349875
15123329834
15128456047
15133816671
15134627612
15135181258
15135609074
15137107980
15138437066
15138505051
15138809619
15139351449
15140057185
15140146926
15142312826
15142372422
15143152204
15144328494
15145182740
15147013965
15150538351
15150669910
15150680387
15150690706
15153155375
15155404216
15157519150
15162027217
15162481047
15164600739
15165027537
15165437443
15165755852
15168173159
15172452056
15172548718
15173441567
15175066828
15176613414
15176810687
15178778422
15180069802
15180609553
15182550783
15184410294
15184487631
15188325052
15188550784
15194647868
15194691151
15195857135
15197199506
15197491933
15198193129
15201120702
15201129567
15205160385
15205180546
15210055725
15210366692
15210476356
15210520680
15210971680
15213949718
15214301598
15215534347
15216752991
15220521877
15221121595
15221854359
15222738601
15222910189
15226040508
15226845987
15229711165
15231509872
15234168563
15234425151
15235476998
15235515251
15237962608
15237985200
15239856727
15246606345
15248611581
15248929904
15250798066
15251860793
15253034267
15253871575
15255329102
15258729001
15259202984
15259449718
15261022445
15261707620
15261802105
15261886243
15264133652
15271306138
15277771572
15281048257
15282393802
15285151636
15288200879
15289237767
15289442620
15290226818
15291301501
15291333566
15295086977
15295561188
15296672626
15297356110
15299323857
15309885046
15313568787
15323946431
15325338017
15329104665
15329209656
15331751003
15340401907
15360889098
15364263968
15365002845
15366160098
15366666532
15381962982
15500017310
15500305445
15501088126
15501911063
15505323060
15507279956
15507289028
15510553166
15512134090
15515532043
15516145666
15517758997
15520791105
15521116770
15525456005
15526924748
15527631486
15528885469
15529938283
15537774679
15538829619
15546113391
15546343758
15547247998
15558309060
15559007992
15565652501
15565732280
15565931928
15566207090
15568396839
15571765869
15571920406
15573236584
15577113612
15588765034
15595519158
15596692288
15599679109
15600087620
15601281106
15601326164
15601591319
15602069512
15602319693
15604051813
15607796839
15608003368
15609211603
15610501983
15611203175
15611241980
15611256237
15611313448
15611780537
15615865709
15618373727
15619280120
15619286001
15622199308
15622251235
15622850520
15622889553
15625132180
15627017302
15635979058
15637119982
15639663456
15641606944
15643029288
15643036084
15643129983
15645819766
15647261149
15649538570
15651009677
15651668180
15651800533
15652365386
15653253085
15653556725
15655391531
15659359743
15664087104
15665535158
15670277178
15670999032
15674538670
15677903036
15680610782
15684085959
15692097431
15696567528
15706091286
15706830279
15710035198
15712039776
15712066586
15712122475
15723070350
15723333063
15727113037
15727172832
15732690902
15773859108
15774568082
15776371650
15777877748
15778080084
15800023326
15800699652
15800795387
15801107450
15801318603
15801320419
15801454838
15801569823
15801742226
15802988517
15804256829
15805425051
15805796296
15805924601
15807814401
15808265687
15809668757
15809726737
15810011870
15810031670
15810099650
15810384553
15810416097
15810456671
15810536764
15810602514
15810957768
15811164489
15811181938
15811281381
15811329149
15811334416
15811439908
15811495498
15811848109
15812807080
15813358872
15813880161
15815889197
15816469288
15817307379
15817388083
15817404943
15817406503
15818657672
15818948515
15820082559
15820406560
15820545418
15820762826
15822075281
15822469499
15822676562
15823815741
15826405067
15827940506
15828077832
15828263421
15829336534
15830699296
15830792824
15830828012
15831385236
15832600565
15833174993
15835212227
15835226583
15837126760
15838501654
15838785168
15839468521
15839837999
15841283781
15841492991
15843509013
15845909604
15846153849
15847925825
15849020383
15849037299
15849119016
15849428196
15850512694
15850548666
15850600294
15850616101
15850787476
15851803569
15851803923
15851817232
15851866471
15852608808
15852608868
15855464970
15855593266
15856941860
15860111761
15860429945
15861542949
15861855913
15862179554
15863145807
15863175801
15863197266
15863272598
15866528266
15868716594
15871356849
15871563107
15874348242
15875179437
15875796598
15875963673
15876175775
15877997990
15880280411
15882044961
15882261906
15886867939
15886998968
15887736016
15887811033
15887888114
15888816502
15889275690
15889554468
15889666125
15890056171
15892857414
15893747762
15893823829
15895921096
15895921196
15895979032
15895993038
15896382179
15897893471
15898550239
15899858803
15901068130
15902838590
15904510118
15905176355
15908154339
15909991213
15910222720
15910327238
15910607150
15910697290
15910822938
15910860994
15911106239
15913120455
15913606947
15916286498
15916738900
15919208497
15919499047
15919747202
15920383432
15920454177
15921973645
15922147125
15923614464
15927448283
15928616369
15928652349
15930505925
15931735006
15932032200
15932649052
15933901542
15933912592
15934123593
15935201377
15935294836
15937160151
15939536036
15940026818
15940036910
15943111299
15943699306
15944590029
15945126144
15945393068
15945607693
15945661518
15946732882
15948713443
15949029819
15950506091
15950773373
15951136309
15951922863
15952159616
15953148928
15957961598
15959597300
15959762610
15959983232
15961871777
15962678232
15963071692
15963893831
15964349550
15964959313
15966426261
15966627022
15966755382
15967155640
15967197346
15967634795
15967802726
15968336035
15971653795
15972015268
15972592223
15974208568
15975655607
15976430282
15976886806
15978036066
15978770587
15979328087
15979669919
15985147032
15986692803
15986694840
15987199180
15989244187
15989325630
15989381939
15989575661
15991453091
15991751633
15991852825
15992929602
15994829787
15994920325
15996962583
15999657119
17090020147
17090021617
17090026519
17090066565
17090090848
17090140156
17090151942
17090206168
17090430322
17091310758
17091375926
17092268470
17092533870
17092616801
17092961362
17093425969
17095043573
17095047055
17096270367
17096296958
17097202118
17097223114
17098040750
17098901587
17608932568
17701868549
17702258088
17705164171
17708003573
17717371117
18001134076
18009345025
18013980356
18018021198
18018023066
18021390007
18033050605
18050287764
18054006085
18054006095
18056813278
18057911851
18066451876
18067826671
18071112870
18073751213
18078208166
18080552372
18094230418
18101804876
18108017803
18112930489
18118762681
18120122022
18120189939
18121625215
18126725682
18130066138
18130066258
18130456777
18136692515
18137781089
18144865966
18173309966
18200962100
18201306565
18201610646
18202650280
18202687249
18204784176
18205141678
18205145326
18205148437
18206381120
18207454058
18210360199
18217003799
18217312747
18217613812
18222907240
18222951064
18230011808
18231150163
18231483965
18231691739
18232551212
18233452965
18234140896
18234968550
18239616559
18244541045
18245105993
18246493361
18251826625
18253985527
18255585519
18256058223
18256964625
18259911629
18260014897
18260084117
18261995509
18265702100
18267380169
18268683075
18270215900
18273209123
18274847958
18279797383
18280170176
18291410868
18297855059
18300002337
18301167577
18301809470
18302167745
18302626269
18310112048
18310779052
18311446867
18311471167
18316028542
18318038290
18319019442
18319718249
18320992449
18322012319
18322134439
18326916312
18337228415
18339062045
18342625067
18344832873
18346124581
18346402537
18348376834
18351229305
18351379463
18351671045
18351931947
18351968260
18362095852
18362164868
18363638388
18368492079
18370256361
18371258807
18377177485
18378430967
18378619781
18381012438
18395021588
18397671374
18408265838
18439205341
18475467775
18500369383
18500535660
18501090758
18501269196
18501275268
18501751090
18502007778
18502502513
18502510274
18502523315
18503035084
18503067511
18504706155
18505128689
18505880869
18507520918
18508447922
18509098977
18509998177
18510930598
18511296582
18511586411
18512520203
18513030563
18513178512
18513515949
18514035386
18515287292
18515490432
18515627237
18516255780
18516601119
18518295514
18520530212
18520787208
18523074178
18530061555
18530511957
18530832256
18535908544
18537907299
18538599975
18538782333
18539267950
18539966610
18550503592
18551271643
18551630617
18551632292
18551732719
18551810996
18551863926
18553143404
18553900522
18561359517
18561606290
18565863282
18566207280
18566208187
18566660271
18568215588
18575540010
18575555519
18575588310
18575779484
18576006016
18576625510
18577354643
18580103286
18580256917
18580977931
18581473778
18589079016
18591916939
18600068903
18600080864
18600321008
18600384537
18600574863
18600590970
18600741029
18601191516
18601278728
18601629946
18601668725
18601772220
18602019736
18602020800
18602139508
18602412128
18602457968
18602540328
18602556917
18602801180
18602896536
18603070819
18603857514
18604019976
18605259760
18605311761
18605358319
18605793616
18608599681
18610019929
18610044231
18610060485
18610094457
18610288063
18610297646
18610312820
18610372086
18610651010
18610806765
18610987762
18611117871
18611229700
18611250093
18611275509
18611409367
18611442360
18611724623
18611799436
18611806296
18611812112
18612526115
18612920501
18613186818
18615286925
18615287612
18615561111
18615717225
18615900501
18616335539
18616558107
18616692415
18616818750
18616873237
18617081396
18618303543
18620366811
18621135191
18622040764
18622567886
18622964312
18623034779
18623653303
18624075825
18625213601
18625562816
18627225986
18627479099
18628093533
18628262282
18629190316
18630356861
18631162051
18632432527
18634979442
18635265077
18635641277
18635811007
18637101396
18637601701
18637625056
18637656269
18637680786
18638720227
18638893188
18641546877
18642032767
18643541033
18645056050
18645389453
18646032707
18649717986
18650809185
18652906318
18652932668
18652937124
18653202372
18653620641
18653909039
18655461753
18655697964
18657111848
18657135611
18658211726
18661200262
18663896013
18664354757
18664534059
18665224165
18666155571
18666939199
18667126677
18667129177
18667832291
18667917773
18668536857
18668958108
18670757572
18671340024
18671670710
18671752165
18671773588
18672980168
18673031491
18674056953
18675844785
18676703345
18678808035
18678858807
18680335753
18680360262
18680803480
18680864796
18681594064
18682051996
18682200365
18682650608
18684851751
18686774074
18688395309
18688603848
18688731278
18688826165
18690109852
18690607661
18692341499
18694553412
18696638098
18699729619
18700877569
18701402213
18701583684
18701694203
18703032886
18703284992
18704461768
18704687437
18706769136
18706867683
18707047933
18707180145
18707630253
18708914828
18709003806
18710039828
18710212694
18711005665
18711249450
18714560452
18715020568
18716651911
18717284509
18718281837
18718579810
18724513189
18724852703
18726320417
18729467130
18730223935
18734866846
18735411621
18735548269
18737726559
18739051985
18740788721
18745170314
18749357540
18751871017
18753812842
18755654232
18757647991
18762085580
18762401143
18762480651
18762913164
18764885490
18765360670
18769645482
18770375747
18773413026
18774616026
18779177001
18780231490
18781949515
18783962272
18784331836
18785180947
18785364999
18785791882
18791780988
18792337623
18792354232
18792734690
18793128930
18795636005
18796101887
18796496861
18799825160
18800124863
18801133348
18801134875
18801910220
18802073080
18803721127
18804220005
18804220666
18808059152
18810181968
18811510428
18811605285
18811683311
18816741767
18819065560
18820777270
18820981858
18822032863
18823834756
18826419257
18826503531
18831446496
18831467956
18831467980
18837436035
18841184309
18841310863
18841701777
18846304839
18850351505
18850555498
18853101989
18855102067
18856073061
18856856975
18857062936
18859217360
18870912882
18876338571
18876549565
18878722405
18895309397
18898738057
18905195392
18907925278
18910120083
18910263066
18910539320
18910862771
18911455721
18913810826
18917646276
18923425176
18923827295
18926068862
18926128942
18927456070
18928388158
18928407603
18928413294
18929378465
18930083648
18930669533
18935779563
18935800595
18936879807
18942043007
18948164073
18948758842
18953270165
18955753530
18956009441
18958121266
18958821520
18967941266
18975137858
18978932991
18980767375
18982575201
18983091247
18983137777
18985155375
18986238785
18988432636
18991163540
18994025622
18995848854
18999966388
