13002525882
13008400111
13057558464
13057603020
13125198547
13168708767
13249069278
13382027366
13400086980
13424367755
13505159527
13510917202
13515111893
13561104033
13612848849
13682333631
13723434837
13726235225
13728907340
13776651750
13813900004
13813999077
13815876067
13841229245
13851652482
13911111111
13913993981
13922222222
13951671447
13951832086
15013545658
15019213681
15103043395
15366160098
15601591319
15615865709
15619280120
15651009677
15651668180
15680610782
15712039776
15712066586
15776371650
15850787476
15851803923
15895993038
15950506091
18120122022
18120189939
18205145326
18251826625
18260014897
18260084117
18566208187
18575540010
18589079016
18620366811
18652906318
18655697964
18686774074
18718579810
18816741767
18898738057
18905195392
