13001632549
13002328884
13002525882
13005831293
13006258911
13007771096
13008400031
13008400111
13012004442
13017387700
13017639446
13022207992
13030878692
13031136406
13031136476
13031852511
13032873138
13033226892
13034995813
13035157350
13051119102
13051119137
13051605510
13052567993
13054002894
13057558464
13057603020
13060088701
13061278621
13063853525
13069933647
13070042333
13072283325
13073744708
13082555460
13083849631
13084333775
13086587030
13086629082
13100115117
13104920320
13118453900
13120058100
13124417229
13125198547
13126618090
13129576436
13132802587
13135655802
13141343618
13142171870
13142255047
13143909595
13144459385
13146093601
13146886482
13148197399
13149639120
13155437721
13156319505
13159060635
13161967053
13162624648
13163701978
13168663707
13168708767
13173764626
13174094357
13179276592
13186893931
13194640842
13203921623
13206464968
13211019102
13212916138
13213125725
13222241031
13223030266
13230060831
13231449600
13231510010
13235323311
13240722727
13241008677
13243737202
13244537285
13247105249
13249069278
13249439168
13249651790
13253407213
13256199659
13259846340
13260178001
13260728179
13261641640
13264402286
13265588915
13266680687
13271711188
13276299939
13277959783
13283216172
13288621816
13297025430
13301186565
13302962282
13303846865
13316927184
13331802752
13355070358
13355469588
13357805838
13371953287
13381091576
13382027366
13382028811
13390929108
13400077508
13400086980
13404397979
13405326666
13408692108
13414400756
13417544342
13418167263
13420975080
13421043090
13421838303
13423897490
13423956461
13424367755
13426887620
13429118051
13430437081
13430531297
13436927107
13436950679
13439303946
13466608297
13466690881
13480919480
13484622314
13486411035
13488647185
13500223098
13500868293
13501177805
13501278854
13501285101
13501295200
13501366641
13501552303
13501584415
13501894960
13501994018
13502357768
13502937776
13504009979
13505159527
13505214082
13507012607
13508537808
13510007732
13510642128
13510772926
13510917202
13511023438
13511579208
13511605221
13511658479
13512210931
13512648106
13512948280
13513072568
13513149395
13514982108
13515111893
13516363426
13516660413
13517320737
13517791590
13518109316
13520293222
13520529473
13520729055
13520806354
13521650167
13521969394
13521974101
13522773864
13522942326
13525771090
13526931210
13528398850
13528853676
13533096690
13537464698
13537870474
13538092009
13540889200
13541314972
13543337010
13544293615
13549483095
13552121054
13552188802
13552717665
13555706818
13557881117
13558854762
13560791790
13561104033
13565656068
13566997952
13568813743
13569727486
13571393819
13571510683
13571852215
13571939457
13575117810
13575714682
13576631568
13578553263
13578563923
13581890375
13582034642
13582526436
13584888158
13585193161
13587355752
13588383866
13588695207
13588949276
13590750794
13591681941
13597105360
13598336679
13598873863
13601360901
13601397923
13601668789
13601889947
13601956307
13602546009
13602740568
13606519617
13606693591
13608527848
13609298278
13611666500
13611672262
13612848849
13612908286
13613316323
13616264453
13621280521
13622744114
13626863748
13627689815
13629792917
13632507344
13632598154
13632630766
13632836627
13633832909
13641064135
13641256389
13642799906
13644022167
13645154104
13647303366
13648534818
13649289071
13651440423
13651618571
13660553323
13660728056
13663319663
13663864551
13666741196
13666758314
13668310506
13669269008
13671227893
13672122657
13675151808
13675152409
13675185072
13677390232
13678472528
13678907833
13681028139
13681150123
13681409375
13681560422
13682333631
13683368589
13683597719
13686863107
13688804555
13689533896
13690897669
13691108833
13691359498
13693368946
13693369891
13693687051
13694724663
13696018950
13698677349
13699123469
13699999797
13700032133
13701277573
13701760616
13701963273
13702581989
13703064841
13703340330
13703547534
13705186281
13707987436
13708364592
13708459548
13708997521
13709042583
13709765005
13711395402
13711441255
13713086005
13714215589
13715120131
13715220532
13715282037
13716000375
13716111646
13716176552
13716306586
13716500829
13716594505
13716661266
13716706610
13716716857
13717639300
13718428674
13718643349
13718710960
13718936402
13719961466
13720939559
13722028336
13722134955
13723434837
13723609808
13726235225
13728798943
13728907340
13737708319
13752431986
13753847606
13755373937
13757233555
13760321775
13760725061
13761495448
13763755935
13764605221
13765386116
13767976157
13768283670
13769954160
13770332119
13770567725
13770582848
13770648418
13772674869
13774317731
13776573276
13776651750
13776670730
13776985296
13777091827
13783644518
13785327834
13786735134
13787983080
13791600022
13794030089
13795568057
13795616362
13796745975
13798206124
13798207000
13798460568
13801174457
13801260787
13801702734
13802406345
13802831180
13805410893
13806113953
13807528899
13808180042
13808857651
13809766518
13809874100
13810004606
13810482031
13810549765
13811318890
13811424140
13811880418
13812692403
13813063394
13813179396
13813851179
13813900004
13813901037
13813917527
13813999077
13814121052
13815876067
13815882359
13817156709
13817182981
13817261720
13817580779
13817830117
13817836434
13817978820
13818153808
13820113268
13821000950
13821002150
13821012233
13821593006
13823212465
13823326193
13823373939
13823552095
13823592276
13823607471
13824385260
13831139129
13832116387
13834369968
13834512641
13834793769
13835263018
13835529792
13837110025
13837881100
13838446017
13839828304
13840149651
13840337402
13841229245
13841506284
13848984582
13851475236
13851563171
13851608890
13851652482
13855358567
13856958325
13857885265
13857995227
13861020366
13861158051
13862397708
13862559010
13862795858
13865505982
13867915373
13869513869
13871031473
13872388671
13872579319
13873366508
13876576598
13879132203
13879312746
13879620458
13880258196
13880620559
13880822980
13882024401
13882195636
13882608420
13885679116
13885767631
13886182787
13888296658
13888720811
13892586061
13895023436
13895312259
13895925667
13902128785
13902153031
13903113038
13903195707
13903432975
13903828552
13904004538
13904422792
13905097289
13905250037
13905836146
13908094257
13908161833
13908391409
13908500370
13909139651
13909543600
13909802369
13910319990
13910382238
13910534772
13911085549
13911111111
13911357610
13911457977
13911790961
13911931727
13913478927
13913896182
13913993981
13914718840
13915903173
13915974831
13916107567
13916385068
13916687358
13917023740
13917897618
13917977035
13918460162
13918815333
13919808429
13919880429
13921780661
13922222222
13922809180
13923776044
13923805098
13928481899
13932009747
13933299767
13933936208
13934259487
13934571398
13934652216
13935983501
13938526511
13939039908
13940580814
13945062125
13945171134
13949325896
13951604512
13951671447
13951679596
13951777169
13951817462
13951832086
13952091435
13954079993
13957828175
13957977097
13959299733
13961366389
13962518864
13969158618
13970148539
13970361703
13971597401
13971654885
13972837894
13973187314
13973312072
13974272832
13979687155
13980142758
13980755243
13981703202
13985314499
13986712375
13990372600
13990700270
13991129142
13991238399
13991686727
13991749626
13991970383
13995906725
13996651858
13998482472
13998846358
13999631003
13999858056
14751338040
15000603287
15001211571
15002500429
15002811971
15007745266
15010232969
15010875814
15011111350
15013476738
15013545658
15013798502
15015870485
15016909856
15018519508
15019213681
15021626649
15021786669
15021990228
15026058485
15030177502
15038367779
15039675868
15048039266
15051875019
15053106793
15055649047
15059170925
15059549419
15060127712
15062201038
15069011563
15073746290
15078202750
15088224963
15090157104
15093293861
15099098538
15099913789
15100650518
15101124734
15101353122
15101516160
15103043395
15108137868
15111348598
15111736210
15112694680
15113662258
15114097159
15120638245
15137107980
15138505051
15140146926
15150669910
15150680387
15153155375
15165437443
15165755852
15168173159
15172452056
15173441567
15175066828
15182550783
15184410294
15188550784
15194691151
15197491933
15201120702
15201129567
15205160385
15205180546
15214301598
15220521877
15221854359
15231509872
15234168563
15239856727
15251860793
15253034267
15259202984
15261707620
15261886243
15264133652
15271306138
15277771572
15281048257
15282393802
15285151636
15288200879
15290226818
15291333566
15295561188
15325338017
15360889098
15366160098
15366666532
15500017310
15501911063
15507279956
15507289028
15510553166
15512134090
15516145666
15517758997
15520791105
15527631486
15538829619
15547247998
15559007992
15565652501
15565732280
15565931928
15568396839
15571765869
15571920406
15596692288
15599679109
15601281106
15601591319
15610501983
15611256237
15611313448
15615865709
15618373727
15619280120
15622199308
15622850520
15639663456
15641606944
15643029288
15643036084
15643129983
15649538570
15651009677
15651668180
15651800533
15653253085
15665535158
15670277178
15680610782
15696567528
15706830279
15710035198
15712039776
15712066586
15712122475
15723070350
15723333063
15776371650
15777877748
15800795387
15801318603
15801320419
15801454838
15804256829
15805425051
15805924601
15808265687
15810011870
15810031670
15810099650
15810384553
15810416097
15810456671
15810536764
15810602514
15811164489
15811181938
15811329149
15811848109
15813358872
15813880161
15817307379
15817404943
15820082559
15820406560
15820762826
15822075281
15826405067
15828077832
15830699296
15833174993
15835212227
15839837999
15841492991
15843509013
15846153849
15849020383
15849037299
15850512694
15850548666
15850787476
15851803569
15851803923
15851817232
15860111761
15861542949
15863145807
15863175801
15863197266
15866528266
15876175775
15880280411
15887736016
15889275690
15889554468
15889666125
15890056171
15892857414
15895921096
15895979032
15895993038
15899858803
15901068130
15902838590
15905176355
15909991213
15910327238
15910822938
15910860994
15913606947
15921973645
15922147125
15927448283
15931735006
15935201377
15949029819
15950506091
15950773373
15951136309
15957961598
15959983232
15963893831
15964349550
15966426261
15968336035
15976886806
15978770587
15985147032
15986694840
15987199180
15989325630
15989575661
15991453091
15991751633
15992929602
15996962583
17090151942
17092533870
17093425969
17095043573
17098040750
17702258088
17705164171
17717371117
18013980356
18018023066
18050287764
18067826671
18078208166
18080552372
18108017803
18120122022
18120189939
18121625215
18130456777
18137781089
18173309966
18201306565
18202687249
18205141678
18205145326
18206381120
18210360199
18217003799
18232551212
18234968550
18239616559
18244541045
18251826625
18256964625
18260014897
18260084117
18268683075
18291410868
18302626269
18311471167
18318038290
18319019442
18319718249
18320992449
18339062045
18342625067
18346124581
18351229305
18351968260
18362095852
18362164868
18370256361
18395021588
18408265838
18475467775
18500369383
18501751090
18502502513
18502523315
18503035084
18505880869
18508447922
18509998177
18511296582
18512520203
18515287292
18516255780
18523074178
18530061555
18538599975
18538782333
18539267950
18539966610
18551630617
18551632292
18551732719
18553900522
18561359517
18566208187
18566660271
18575540010
18575555519
18576625510
18581473778
18589079016
18591916939
18600068903
18600080864
18600321008
18600384537
18600741029
18601668725
18601772220
18602020800
18602139508
18602412128
18602457968
18602540328
18604019976
18610044231
18610288063
18610372086
18610806765
18610987762
18611117871
18611229700
18611250093
18611275509
18611724623
18611806296
18613186818
18615286925
18615561111
18615900501
18616335539
18617081396
18620366811
18621135191
18622040764
18622567886
18622964312
18623034779
18623653303
18624075825
18625213601
18627479099
18628093533
18628262282
18629190316
18632432527
18635265077
18635811007
18637101396
18637601701
18637625056
18637656269
18637680786
18638720227
18638893188
18642032767
18645389453
18646032707
18649717986
18650809185
18652906318
18652932668
18653202372
18653620641
18653909039
18655697964
18657111848
18657135611
18661200262
18664534059
18665224165
18668536857
18670757572
18671752165
18671773588
18672980168
18674056953
18678858807
18680864796
18682051996
18682200365
18686774074
18688603848
18688826165
18690607661
18692341499
18694553412
18696638098
18701402213
18703032886
18703284992
18704687437
18706867683
18717284509
18718281837
18718579810
18737726559
18739051985
18745170314
18749357540
18751871017
18753812842
18762085580
18765360670
18770375747
18774616026
18779177001
18783962272
18785791882
18803721127
18804220005
18804220666
18811683311
18816741767
18850351505
18850555498
18853101989
18855102067
18856073061
18859217360
18870912882
18876549565
18895309397
18898738057
18905195392
18907925278
18910120083
18910263066
18910539320
18910862771
18923827295
18926068862
18928407603
18928413294
18929378465
18930083648
18936879807
18948164073
18953270165
18956009441
18958821520
18967941266
18980767375
18983091247
18983137777
18994025622
18999966388
